<edge_id> ( <source> <target> ) <pre_installed_capacity> <pre_installed_capacity_cost> <routing_cost> <setup_cost> ( {<module_capacity> <module_cost>}* )
L1 ( Amsterdam Brussels ) 0.00 0.00 2.59 0.00 ( 7560.00 23310.00 30240.00 69930.00 120960.00 209790.00 )
L2 ( Amsterdam Glasgow ) 0.00 0.00 10.67 0.00 ( 7560.00 96030.00 30240.00 288090.00 120960.00 864270.00 )
L3 ( Amsterdam Hamburg ) 0.00 0.00 5.52 0.00 ( 7560.00 49680.00 30240.00 149040.00 120960.00 447120.00 )
L4 ( Amsterdam London ) 0.00 0.00 5.40 0.00 ( 7560.00 48600.00 30240.00 145800.00 120960.00 437400.00 )
L5 ( Athens Palermo ) 0.00 0.00 13.63 0.00 ( 7560.00 122670.00 30240.00 368010.00 120960.00 1104030.00 )
L6 ( Athens Sofia ) 0.00 0.00 7.94 0.00 ( 7560.00 71460.00 30240.00 214380.00 120960.00 643140.00 )
L7 ( Athens Zagreb ) 0.00 0.00 15.00 0.00 ( 7560.00 135000.00 30240.00 405000.00 120960.00 1215000.00 )
L8 ( Barcelona Madrid ) 0.00 0.00 7.60 0.00 ( 7560.00 68400.00 30240.00 205200.00 120960.00 615600.00 )
L9 ( Barcelona Marseille ) 0.00 0.00 5.08 0.00 ( 7560.00 45720.00 30240.00 137160.00 120960.00 411480.00 )
L10 ( Barcelona Seville ) 0.00 0.00 12.44 0.00 ( 7560.00 111960.00 30240.00 335880.00 120960.00 1007640.00 )
L11 ( Belgrade Budapest ) 0.00 0.00 4.74 0.00 ( 7560.00 42660.00 30240.00 127980.00 120960.00 383940.00 )
L12 ( Belgrade Sofia ) 0.00 0.00 4.87 0.00 ( 7560.00 43830.00 30240.00 131490.00 120960.00 394470.00 )
L13 ( Belgrade Zagreb ) 0.00 0.00 5.51 0.00 ( 7560.00 49590.00 30240.00 148770.00 120960.00 446310.00 )
L14 ( Berlin Copenhagen ) 0.00 0.00 5.40 0.00 ( 7560.00 48600.00 30240.00 145800.00 120960.00 437400.00 )
L15 ( Berlin Hamburg ) 0.00 0.00 3.81 0.00 ( 7560.00 34290.00 30240.00 102870.00 120960.00 308610.00 )
L16 ( Berlin Munich ) 0.00 0.00 7.57 0.00 ( 7560.00 68130.00 30240.00 204390.00 120960.00 613170.00 )
L17 ( Berlin Prague ) 0.00 0.00 4.20 0.00 ( 7560.00 37800.00 30240.00 113400.00 120960.00 340200.00 )
L18 ( Berlin Warsaw ) 0.00 0.00 7.75 0.00 ( 7560.00 69750.00 30240.00 209250.00 120960.00 627750.00 )
L19 ( Birmingham Glasgow ) 0.00 0.00 6.10 0.00 ( 7560.00 54900.00 30240.00 164700.00 120960.00 494100.00 )
L20 ( Birmingham London ) 0.00 0.00 2.39 0.00 ( 7560.00 21510.00 30240.00 64530.00 120960.00 193590.00 )
L21 ( Bordeaux Madrid ) 0.00 0.00 8.34 0.00 ( 7560.00 75060.00 30240.00 225180.00 120960.00 675540.00 )
L22 ( Bordeaux Marseille ) 0.00 0.00 7.56 0.00 ( 7560.00 68040.00 30240.00 204120.00 120960.00 612360.00 )
L23 ( Bordeaux Paris ) 0.00 0.00 7.47 0.00 ( 7560.00 67230.00 30240.00 201690.00 120960.00 605070.00 )
L24 ( Brussels Dusseldorf ) 0.00 0.00 2.64 0.00 ( 7560.00 23760.00 30240.00 71280.00 120960.00 213840.00 )
L25 ( Brussels Paris ) 0.00 0.00 3.93 0.00 ( 7560.00 35370.00 30240.00 106110.00 120960.00 318330.00 )
L26 ( Budapest Krakow ) 0.00 0.00 4.36 0.00 ( 7560.00 39240.00 30240.00 117720.00 120960.00 353160.00 )
L27 ( Budapest Prague ) 0.00 0.00 6.68 0.00 ( 7560.00 60120.00 30240.00 180360.00 120960.00 541080.00 )
L28 ( Copenhagen Oslo ) 0.00 0.00 7.22 0.00 ( 7560.00 64980.00 30240.00 194940.00 120960.00 584820.00 )
L29 ( Copenhagen Stockholm ) 0.00 0.00 7.77 0.00 ( 7560.00 69930.00 30240.00 209790.00 120960.00 629370.00 )
L30 ( Dublin Glasgow ) 0.00 0.00 4.62 0.00 ( 7560.00 41580.00 30240.00 124740.00 120960.00 374220.00 )
L31 ( Dublin London ) 0.00 0.00 6.90 0.00 ( 7560.00 62100.00 30240.00 186300.00 120960.00 558900.00 )
L32 ( Dusseldorf Frankfurt ) 0.00 0.00 2.75 0.00 ( 7560.00 24750.00 30240.00 74250.00 120960.00 222750.00 )
L33 ( Frankfurt Hamburg ) 0.00 0.00 5.92 0.00 ( 7560.00 53280.00 30240.00 159840.00 120960.00 479520.00 )
L34 ( Frankfurt Munich ) 0.00 0.00 4.56 0.00 ( 7560.00 41040.00 30240.00 123120.00 120960.00 369360.00 )
L35 ( Frankfurt Strasbourg ) 0.00 0.00 2.71 0.00 ( 7560.00 24390.00 30240.00 73170.00 120960.00 219510.00 )
L36 ( Helsinki Oslo ) 0.00 0.00 11.82 0.00 ( 7560.00 106380.00 30240.00 319140.00 120960.00 957420.00 )
L37 ( Helsinki Stockholm ) 0.00 0.00 5.97 0.00 ( 7560.00 53730.00 30240.00 161190.00 120960.00 483570.00 )
L38 ( Helsinki Warsaw ) 0.00 0.00 13.70 0.00 ( 7560.00 123300.00 30240.00 369900.00 120960.00 1109700.00 )
L39 ( Krakow Warsaw ) 0.00 0.00 3.83 0.00 ( 7560.00 34470.00 30240.00 103410.00 120960.00 310230.00 )
L40 ( Lisbon London ) 0.00 0.00 19.77 0.00 ( 7560.00 177930.00 30240.00 533790.00 120960.00 1601370.00 )
L41 ( Lisbon Madrid ) 0.00 0.00 7.51 0.00 ( 7560.00 67590.00 30240.00 202770.00 120960.00 608310.00 )
L42 ( Lisbon Seville ) 0.00 0.00 4.71 0.00 ( 7560.00 42390.00 30240.00 127170.00 120960.00 381510.00 )
L43 ( London Paris ) 0.00 0.00 5.14 0.00 ( 7560.00 46260.00 30240.00 138780.00 120960.00 416340.00 )
L44 ( Lyon Marseille ) 0.00 0.00 4.11 0.00 ( 7560.00 36990.00 30240.00 110970.00 120960.00 332910.00 )
L45 ( Lyon Paris ) 0.00 0.00 5.94 0.00 ( 7560.00 53460.00 30240.00 160380.00 120960.00 481140.00 )
L46 ( Lyon Zurich ) 0.00 0.00 5.07 0.00 ( 7560.00 45630.00 30240.00 136890.00 120960.00 410670.00 )
L47 ( Marseille Rome ) 0.00 0.00 9.07 0.00 ( 7560.00 81630.00 30240.00 244890.00 120960.00 734670.00 )
L48 ( Milan Munich ) 0.00 0.00 5.22 0.00 ( 7560.00 46980.00 30240.00 140940.00 120960.00 422820.00 )
L49 ( Milan Rome ) 0.00 0.00 7.20 0.00 ( 7560.00 64800.00 30240.00 194400.00 120960.00 583200.00 )
L50 ( Milan Zurich ) 0.00 0.00 3.27 0.00 ( 7560.00 29430.00 30240.00 88290.00 120960.00 264870.00 )
L51 ( Munich Vienna ) 0.00 0.00 5.34 0.00 ( 7560.00 48060.00 30240.00 144180.00 120960.00 432540.00 )
L52 ( Palermo Rome ) 0.00 0.00 6.38 0.00 ( 7560.00 57420.00 30240.00 172260.00 120960.00 516780.00 )
L53 ( Paris Strasbourg ) 0.00 0.00 6.00 0.00 ( 7560.00 54000.00 30240.00 162000.00 120960.00 486000.00 )
L54 ( Prague Vienna ) 0.00 0.00 3.76 0.00 ( 7560.00 33840.00 30240.00 101520.00 120960.00 304560.00 )
L55 ( Rome Zagreb ) 0.00 0.00 7.83 0.00 ( 7560.00 70470.00 30240.00 211410.00 120960.00 634230.00 )
L56 ( Strasbourg Zurich ) 0.00 0.00 2.18 0.00 ( 7560.00 19620.00 30240.00 58860.00 120960.00 176580.00 )
L57 ( Vienna Zagreb ) 0.00 0.00 4.00 0.00 ( 7560.00 36000.00 30240.00 108000.00 120960.00 324000.00 )